[[0.56164515 0.07431762 0.37898008 0.34587681]
 [0.489085   0.49056218 0.39429133 0.20489525]
 [0.01911028 0.20362742 0.10732173 0.8668251 ]]
[[[0.67579806 0.15005836 0.5913563  0.4712147 ]
  [0.54890435 0.80770363 0.2936389  0.96119884]
  [0.32578975 0.50668061 0.4357305  0.51760401]
  [0.85768299 0.39225502 0.38853951 0.1467526 ]]

 [[0.43231105 0.53778829 0.63794969 0.56228317]
  [0.82154195 0.32074786 0.53794372 0.2201446 ]
  [0.07070465 0.77579537 0.33043234 0.81029264]
  [0.06681352 0.29048768 0.29786587 0.82855932]]

 [[0.89852303 0.28174845 0.3260702  0.02075129]
  [0.36228134 0.95271988 0.58274275 0.3882572 ]
  [0.72742954 0.0368821  0.43419735 0.75213645]
  [0.67984739 0.59546499 0.87248099 0.61484997]]]
[[0.01559608 0.17553893 0.20435489 0.83556801]
 [0.69618002 0.05243504 0.38574183 0.9520465 ]
 [0.39160516 0.53359987 0.6488617  0.87048045]
 [0.17303569 0.92016433 0.1079487  0.12938684]]
DC Conductivity: 3.7890292344347243